# Frame list with one line of data per frame:
#   FRAME_ID, RIG_ID, RIG_FROM_WORLD[QW, QX, QY, QZ, TX, TY, TZ], NUM_DATA_IDS, DATA_IDS[] as (SENSOR_TYPE, SENSOR_ID, DATA_ID)
# Number of frames: 67
1 1 0.67413485575887377 -0.37985347236378308 -0.63083341394793546 -0.057469466944908655 0.4556106936900079 -1.2676135108331013 3.173215176908835 1 CAMERA 1 1
2 1 0.0094546254252470732 0.99347687402029894 0.075115847652274456 0.085275554975642404 -1.444271530315095 -0.029422876185557868 3.9224389790982599 1 CAMERA 1 2
3 1 0.72416168347183607 -0.66655847077256902 0.1253253660349975 -0.12483274354416972 -1.9324659481209348 -0.17574023102865319 2.563091974129617 1 CAMERA 1 3
4 1 0.81845795423914214 -0.073224770611383092 -0.4314109533317485 0.3723564145506032 0.54777652483429984 -0.90031921984323482 2.7191938901540937 1 CAMERA 1 4
5 1 0.76804539867186938 0.11893602927540567 -0.24010930475568151 0.58164250901125891 0.33902927435895314 -0.67462959543156442 2.7519611456182953 1 CAMERA 1 5
6 1 0.18480703364025136 0.96690895190359516 0.11238432812095575 0.13528932640302282 -1.6907718920557075 0.19013765141035976 4.7949309505936082 1 CAMERA 1 6
7 1 0.14362748386739152 0.55327744863103412 0.41489062520588954 0.70789898984990929 -0.37773583686487461 -1.3516729603862034 3.5314611826462383 1 CAMERA 1 7
8 1 0.44242018644021464 0.43270666749836417 0.17512237230941427 0.76574243270788434 -0.49568342941236593 -0.28455715638719814 1.2606648220809782 1 CAMERA 1 8
9 1 0.90134929892784821 0.39190285068862396 -0.087733812644597731 0.16212456650134596 -0.90574566197174 0.42945329548077715 2.4824086139580794 1 CAMERA 1 9
10 1 0.74106821358330865 -0.31385356741460974 -0.59325964354459138 0.018890113258294986 0.35483678970436633 -1.8221437316177611 4.8232481382222714 1 CAMERA 1 10
11 1 -0.209808350447967 0.83057431133611481 0.092708466092040323 0.50747601888729965 -1.1367643697890064 -0.0030340863129094176 2.9187021464200544 1 CAMERA 1 11
12 1 0.97009610976610594 0.23054714513333713 -0.067989033711971916 0.033749710849837661 -1.1274595559061273 0.27261542971728248 2.4634930969191902 1 CAMERA 1 12
13 1 0.35861466793039626 0.91332108536338719 0.13890717359545807 0.13395862084814575 -1.7973740601376691 0.52741860828077847 4.4452866794599251 1 CAMERA 1 13
14 1 0.50629646817807827 -0.48735309912608427 -0.62883573202773169 -0.3327408379020409 -0.052735946113896696 -2.1226410923891352 4.6766745965859702 1 CAMERA 1 14
15 1 0.97906604176972567 0.0092353710790692763 0.20090842436277132 -0.031308126652076988 -1.9437818849783202 -0.33468449678288947 3.6281531328903434 1 CAMERA 1 15
16 1 0.11472900023335478 0.98326744589156889 0.10608005206205126 0.09364512218924223 -1.5282893729085512 -0.049400879561935104 4.1930178913525493 1 CAMERA 1 16
17 1 0.66444438643080561 0.26045040597243807 -0.087816684360421157 0.69495861266504544 0.14095700277692408 -0.62431232851658924 2.7495417697244928 1 CAMERA 1 17
18 1 0.42572216418112174 0.44901805405457895 0.23127945445985165 0.75076843300896356 -0.21228185303719957 -1.0901414191412309 3.9033104916204144 1 CAMERA 1 18
19 1 0.27982134381018814 0.49469142377215647 0.34849515655449603 0.74533987995584594 -0.29834097192154058 -0.98003491693931755 3.6734426145343302 1 CAMERA 1 19
20 1 0.7587773695850436 0.13111190845993534 -0.17752390849584504 0.61282283963471418 -0.030973745010921132 -1.7259134241549519 5.0216511361699849 1 CAMERA 1 20
21 1 0.99973817862966707 -0.02159153477730914 -0.006678415820445446 -0.0035747137403482057 -1.1875428518022366 -0.45065881048026007 2.797865813063861 1 CAMERA 1 21
22 1 0.93305836169694611 0.29817467013113164 0.20106645603343035 -0.0081387970707193173 -1.5050921818790397 0.2760876891240252 3.5737350511046544 1 CAMERA 1 22
23 1 0.67393232685675797 0.70927029353006565 0.18294510484477106 0.096342919545476649 -1.9495843007136247 0.41884486533205872 3.6983074628599515 1 CAMERA 1 23
24 1 0.97254100237487673 -0.15600581843457559 -0.079453344374678769 -0.15334063186874872 -1.3331169308715605 -0.3048439614477505 2.7259775403875004 1 CAMERA 1 24
25 1 0.48317499159229704 0.39465856613047079 0.18272136894706725 0.75986804447202172 -0.23740120188016087 -1.0370728550273971 3.2440033160797439 1 CAMERA 1 25
26 1 0.89430329208997261 -0.3184434135347069 -0.18293575782818541 -0.25563630931702253 -0.84653701559667416 -0.58808808339060958 2.3526316868783379 1 CAMERA 1 26
27 1 0.62273326624845349 0.64231039010012358 -0.02200620686174256 0.44626939031992574 -0.6836751694992026 0.46938241241525303 1.9199129670533925 1 CAMERA 1 27
28 1 0.54688553208237412 -0.81751135456917601 0.051124386095702315 -0.17314068584762798 -1.7578598906253018 -0.50602806564613678 3.2754979718395165 1 CAMERA 1 28
29 1 -0.47397467489702244 0.51044136369248927 0.64431694825986685 0.31567909650958215 0.014997780845610546 -1.4224510484757669 3.8729198932746463 1 CAMERA 1 29
30 1 0.55241438808417498 0.7368606639969586 -0.051310216779014498 0.38631847916665663 -0.82774552895908338 0.59652490179355888 2.651408859715251 1 CAMERA 1 30
31 1 0.60655239339246725 0.76703210558390444 0.1710969814379035 0.1203402094739305 -2.0186993081548463 0.44101180067053652 3.8413840941999164 1 CAMERA 1 31
32 1 0.96780738441639158 -0.162537573044678 0.18035693388507226 -0.066345914851064558 -1.9576500834768453 -0.16501583808512707 3.8654053364712171 1 CAMERA 1 32
33 1 0.63951955152054507 0.067373968052190453 0.44190702926708847 0.62545476985646209 -0.056306437536764023 -1.9298932318077227 3.2707939860734974 1 CAMERA 1 33
34 1 0.98611926480472367 0.14409186415097816 -0.081339714788151121 -0.013790615093962044 -1.3598933152886366 -0.066302049144085468 1.8210456136371926 1 CAMERA 1 34
35 1 0.97079787654887384 0.13552294788764013 0.19499740120503789 -0.034073846382867513 -1.4810542987728723 -0.011581170484810947 3.3133592144455717 1 CAMERA 1 35
36 1 0.7099960197038907 -0.10492890613497435 0.26470189751828532 0.64407179887972865 0.18471130973908573 -1.9299816101490257 3.1635452033143965 1 CAMERA 1 36
37 1 0.6766741160171944 -0.60179546332141309 -0.14987398248645639 -0.39685280698486136 -1.050695944844789 -0.74924803393006989 3.0525331093036985 1 CAMERA 1 37
38 1 -0.0041223751481941004 0.55878034386019682 0.51180400796462022 0.65253673518811872 -0.59297162848118512 -1.2682950149918919 3.4531924669094596 1 CAMERA 1 38
39 1 0.21889670375042816 0.83270640118959649 0.017675296341188966 0.5083029277943607 -0.92477701180096084 0.36229759832630731 2.4995509894774082 1 CAMERA 1 39
40 1 0.68802268480519235 0.20946890540678589 0.0096585307153993129 0.6947332406366904 0.20834080460308857 -1.6564862855145934 4.3994725848713632 1 CAMERA 1 40
41 1 0.41832240611619115 0.37338439710757626 -0.20785308247097764 0.80149083129196519 0.7157712273091893 0.55693185406924339 1.4789695957115048 1 CAMERA 1 41
42 1 0.71475472138546736 0.21222685762330862 -0.09668148951941094 0.65934675152367805 0.17565530754097705 -0.45140623826977128 1.8990071797701422 1 CAMERA 1 42
43 1 0.81168677205333828 0.54979562709860685 0.19090670094668105 0.049436666863133687 -1.725108344694926 0.32209693998619093 2.6538611067636033 1 CAMERA 1 43
44 1 0.88463844001246039 -0.43701785908753177 0.11939895420759722 -0.11033635404980106 -2.0767182245872799 -0.42291654208667695 3.9624168300552141 1 CAMERA 1 44
45 1 -0.20748489692398361 0.97332943499926639 0.011018691161533683 0.097254392998668601 -1.4605663174122523 -0.16639863835964214 3.8358572709811849 1 CAMERA 1 45
46 1 0.019460176661775838 0.57431772326060959 0.29599797654636656 0.76299780612626877 -0.2964958475968783 -0.64490634312388939 3.1186750021491378 1 CAMERA 1 46
47 1 -0.049386599410850558 0.57155219101166332 0.19326446068130693 0.79595094383131604 -0.48024006874926084 -0.13174748132151337 2.527828574613209 1 CAMERA 1 47
48 1 -0.23599449632190481 0.95753679743478914 0.030710293638639086 0.16274752572228735 -1.8322275598516891 -0.11573634590917657 4.5445347569497487 1 CAMERA 1 48
49 1 0.57655302368142125 0.45716609981719092 -0.20173944451607148 0.64644177200123409 0.17046207714443687 0.455381785904244 1.2346449991473518 1 CAMERA 1 49
50 1 0.96049662351969778 -0.23314427570184593 -0.025509951602516796 -0.14979728062938619 -1.435742462030748 -0.44301756342324156 2.827371673575958 1 CAMERA 1 50
51 1 0.45963404213449061 0.86549057237982741 0.1607031861139247 0.11763121356842893 -1.7662948069305924 0.43649158769667323 4.1865083795986031 1 CAMERA 1 51
52 1 -0.43159607530733474 0.88919024377252487 -0.030227507813031854 0.14883492846263083 -1.8935006015551925 -0.35911303919342175 3.3026868645123115 1 CAMERA 1 52
53 1 0.40836062590573807 0.2056394545590314 -0.3077827547554553 0.83440025755849412 0.93734253332182016 0.32149494919697313 1.3796449753514164 1 CAMERA 1 53
54 1 0.76785918010039178 -0.6228935060438735 0.076415693368044629 -0.12867245809032327 -1.9937031325958705 -0.54761395386244183 4.0937298167182643 1 CAMERA 1 54
55 1 0.086533036259799828 0.77282183698910356 0.14931489197735512 0.61070738078251385 -0.71674890314866146 -0.0032133170385881694 1.738400142850355 1 CAMERA 1 55
56 1 0.52941011659198034 0.37270307917397949 0.10115243695629263 0.75537111920042543 -0.22607241230070968 -0.54257889142619353 3.1732099542067123 1 CAMERA 1 56
57 1 -0.019615204791589125 0.98431831754898458 0.073188444521941676 0.15929891734402682 -1.853994587099844 -0.06669089221148515 4.6332922898631512 1 CAMERA 1 57
58 1 -0.26565577770339643 0.56355447275291148 0.5972204696716874 0.50513470937772709 -0.30794123303089033 -1.4646049703302757 3.3772160910429583 1 CAMERA 1 58
59 1 0.96283373169374786 0.12740855092938436 0.23495269761451892 -0.038929373825262154 -1.9675947606583575 -0.11245987440225221 2.3254470288182274 1 CAMERA 1 59
60 1 0.61729737505074611 -0.7734140714564488 0.026165614761930692 -0.14173914573168567 -1.9228715684391453 -0.61116130027775106 4.6896115644289393 1 CAMERA 1 60
61 1 -0.46349749529912199 0.86821327079095922 0.0090142807485319772 0.17690260319308945 -2.1071212060918318 -0.49170803539746022 4.7497704933018214 1 CAMERA 1 61
62 1 0.92295820878498558 -0.34220736889655218 0.14507295577734272 -0.099980493154091077 -2.0439387487479088 -0.1538267872376376 3.8680028012479579 1 CAMERA 1 62
63 1 0.48139215438127947 0.52371091633469602 -0.33056112936456533 0.62025624508363197 0.36676916898216866 1.1178092697444262 1.4502567937540878 1 CAMERA 1 63
64 1 0.77954515416069237 -0.2429504053032614 -0.55381988327199994 0.1629969020569158 0.58681730116478281 -1.2255045971122469 3.089946204203192 1 CAMERA 1 64
65 1 0.79665363521125587 0.57009908188637504 0.19220097848005346 0.058213453842851488 -1.895185582093966 0.33550413010543106 3.5808892669507961 1 CAMERA 1 65
66 1 0.81228287402510835 0.044247170517216376 -0.31125659939714045 0.49128204709561518 -0.14852053526290279 -1.2289929091247971 3.8830601221078771 1 CAMERA 1 66
67 1 0.68221213046413987 0.25581088021001763 -0.12979195260306287 0.67253360633743786 0.18084859549225099 -0.1791848806209464 1.1963290018929227 1 CAMERA 1 67
